加油锥管相对于加油机质心的基准位置
用Creator/VegaPrime坐标表示
左加油锥:
Xref:   -13.000023
Yref:   -22.315032
Zref:   -4.409637
右加油锥: 
Xref:   13.000023
Yref:   -22.315032
Zref:   -4.409637

加油锥管端面相对于加油机质心的基准位置
左加油锥:
XRef: -13.000078
YRef: -23.254985
ZRef:  -4.544594
右加油锥:
XRef: 13.000078
YRef: -23.254985
ZRef:  -4.544594