[Cam]
fx=949.408
fy=954.438
cx=394.021
cy=305.328
s=0.0
x0=0.0
y0=0.0
k1=0.002
k2=-0.023
p1=0.0
p2=0.0
r1=2.219
r2=2.219
r3=0.005
t1=-100.437
t2=-99.436
t3=798.573

